000001010100100101010100101010100101010101111111111111000000010101001001010101001010101001010101011111111111110000000101010010010101010010101010010101010111111111111100000001010100100101010100101010100101010101111111111111000000010101001001010101001010101001010101011111111111110000000101010010010101010010101010010101010111111111111100000001010100100101010100101010100101010101111111111111000000010101001001010101001010101001010101011111111111110000000000000000000000000000000000000000
000001010100100101010010100100101001010010100111111111111100000001010100100101010010100100101001010010100111111111111100000001010100100101010010100100101001010010100111111111111100000001010100100101010010100100101001010010100111111111111100000001010100100101010010100100101001010010100111111111111100000001010100100101010010100100101001010010100111111111111100000001010100100101010010100100101001010010100111111111111100000001010100100101010010100100101001010010100111111111111100000000000000000000000000000000000000000000
000001010100100101010010010010101001010010010111111111111100000001010100100101010010010010101001010010010111111111111100000001010100100101010010010010101001010010010111111111111100000001010100100101010010010010101001010010010111111111111100000001010100100101010010010010101001010010010111111111111100000001010100100101010010010010101001010010010111111111111100000001010100100101010010010010101001010010010111111111111100000001010100100101010010010010101001010010010111111111111100000000000000000000000000000000000000000000000
00000101010010010100101010100100101001001001011111111111110000000101010010010100101010100100101001001001011111111111110000000101010010010100101010100100101001001001011111111111110000000101010010010100101010100100101001001001011111111111110000000101010010010100101010100100101001001001011111111111110000000101010010010100101010100100101001001001011111111111110000000101010010010100101010100100101001001001011111111111110000000101010010010100101010100100101001001001011111111111110000000000000000000000000000000000000000
000001010100100101001010010101001010010010100111111111111100000001010100100101001010010101001010010010100111111111111100000001010100100101001010010101001010010010100111111111111100000001010100100101001010010101001010010010100111111111111100000001010100100101001010010101001010010010100111111111111100000001010100100101001010010101001010010010100111111111111100000001010100100101001010010101001010010010100111111111111100000001010100100101001010010101001010010010100111111111111100000000000000000000000000000000000000000000000
0000010101001001010010010100100100101001010101111111111111000000010101001001010010010100100100101001010101111111111111000000010101001001010010010100100100101001010101111111111111000000010101001001010010010100100100101001010101111111111111000000010101001001010010010100100100101001010101111111111111000000010101001001010010010100100100101001010101111111111111000000010101001001010010010100100100101001010101111111111111000000010101001001010010010100100100101001010101111111111111000000000000000000000000000000000000000000000000
00000101010010010100100100100101001010010100100111111111111100000001010100100101001001001001010010100101001001111111111111000000010101001001010010010010010100101001010010011111111111110000000101010010010100100100100101001010010100100111111111111100000001010100100101001001001001010010100101001001111111111111000000010101001001010010010010010100101001010010011111111111110000000101010010010100100100100101001010010100100111111111111100000001010100100101001001001001010010100101001001111111111111000000000000000000000000000000000000000000000000
0000010101001001001010101010100101001010100111111111111100000001010100100100101010101010010100101010011111111111110000000101010010010010101010101001010010101001111111111111000000010101001001001010101010100101001010100111111111111100000001010100100100101010101010010100101010011111111111110000000101010010010010101010101001010010101001111111111111000000010101001001001010101010100101001010100111111111111100000001010100100100101010101010010100101010011111111111110000000000000000000000000000000000000000000000
00000101010010010010101001010010010100101001011111111111110000000101010010010010101001010010010100101001011111111111110000000101010010010010101001010010010100101001011111111111110000000101010010010010101001010010010100101001011111111111110000000101010010010010101001010010010100101001011111111111110000000101010010010010101001010010010100101001011111111111110000000101010010010010101001010010010100101001011111111111110000000101010010010010101001010010010100101001011111111111110000000000000000000000000000000000000000
00000101010010010010100101001001010010101010011111111111110000000101010010010010100101001001010010101010011111111111110000000101010010010010100101001001010010101010011111111111110000000101010010010010100101001001010010101010011111111111110000000101010010010010100101001001010010101010011111111111110000000101010010010010100101001001010010101010011111111111110000000101010010010010100101001001010010101010011111111111110000000101010010010010100101001001010010101010011111111111110000000000000000000000000000000000000000
0000010101001001010101010100101001010100100111111111111100000001010100100101010101010010100101010010011111111111110000000101010010010101010101001010010101001001111111111111000000010101001001010101010100101001010100100111111111111100000001010100100101010101010010100101010010011111111111110000000101010010010101010101001010010101001001111111111111000000010101001001010101010100101001010100100111111111111100000001010100100101010101010010100101010010011111111111110000000000000000000000000000000000000000
