000001010010100101010100100101001001010010010111111111111100000001010010100101010100100101001001010010010111111111111100000001010010100101010100100101001001010010010111111111111100000001010010100101010100100101001001010010010111111111111100000001010010100101010100100101001001010010010111111111111100000001010010100101010100100101001001010010010111111111111100000001010010100101010100100101001001010010010111111111111100000001010010100101010100100101001001010010010111111111111100000000000000000000000000000000000000000
00000101001010010101001010100100100101010010011111111111110000000101001010010101001010100100100101010010011111111111110000000101001010010101001010100100100101010010011111111111110000000101001010010101001010100100100101010010011111111111110000000101001010010101001010100100100101010010011111111111110000000101001010010101001010100100100101010010011111111111110000000101001010010101001010100100100101010010011111111111110000000101001010010101001010100100100101010010011111111111110000000000000000000000000000000000000000000
0000010100101001010100100101010010010101010111111111111100000001010010100101010010010101001001010101011111111111110000000101001010010101001001010100100101010101111111111111000000010100101001010100100101010010010101010111111111111100000001010010100101010010010101001001010101011111111111110000000101001010010101001001010100100101010101111111111111000000010100101001010100100101010010010101010111111111111100000001010010100101010010010101001001010101011111111111110000000000000000000000000000000000000000
0000010100101001010010101001001010100101010111111111111100000001010010100101001010100100101010010101011111111111110000000101001010010100101010010010101001010101111111111111000000010100101001010010101001001010100101010111111111111100000001010010100101001010100100101010010101011111111111110000000101001010010100101010010010101001010101111111111111000000010100101001010010101001001010100101010111111111111100000001010010100101001010100100101010010101011111111111110000000000000000000000000000000000000000
00000101001010010100101001001010101001010010011111111111110000000101001010010100101001001010101001010010011111111111110000000101001010010100101001001010101001010010011111111111110000000101001010010100101001001010101001010010011111111111110000000101001010010100101001001010101001010010011111111111110000000101001010010100101001001010101001010010011111111111110000000101001010010100101001001010101001010010011111111111110000000101001010010100101001001010101001010010011111111111110000000000000000000000000000000000000000
00000101001010010100100101010010101001001001011111111111110000000101001010010100100101010010101001001001011111111111110000000101001010010100100101010010101001001001011111111111110000000101001010010100100101010010101001001001011111111111110000000101001010010100100101010010101001001001011111111111110000000101001010010100100101010010101001001001011111111111110000000101001010010100100101010010101001001001011111111111110000000101001010010100100101010010101001001001011111111111110000000000000000000000000000000000000000000000000
00000101001010010100100100101010101001001010011111111111110000000101001010010100100100101010101001001010011111111111110000000101001010010100100100101010101001001010011111111111110000000101001010010100100100101010101001001010011111111111110000000101001010010100100100101010101001001010011111111111110000000101001010010100100100101010101001001010011111111111110000000101001010010100100100101010101001001010011111111111110000000101001010010100100100101010101001001010011111111111110000000000000000000000000000000000000000
000001010010100100101010100101010100100100100111111111111100000001010010100100101010100101010100100100100111111111111100000001010010100100101010100101010100100100100111111111111100000001010010100100101010100101010100100100100111111111111100000001010010100100101010100101010100100100100111111111111100000001010010100100101010100101010100100100100111111111111100000001010010100100101010100101010100100100100111111111111100000001010010100100101010100101010100100100100111111111111100000000000000000000000000000000000000000
000001010010100100101010010010010101001001010111111111111100000001010010100100101010010010010101001001010111111111111100000001010010100100101010010010010101001001010111111111111100000001010010100100101010010010010101001001010111111111111100000001010010100100101010010010010101001001010111111111111100000001010010100100101010010010010101001001010111111111111100000001010010100100101010010010010101001001010111111111111100000001010010100100101010010010010101001001010111111111111100000000000000000000000000000000000000000
000001010010100100101001010100100100101001001001111111111111000000010100101001001010010101001001001010010010011111111111110000000101001010010010100101010010010010100100100111111111111100000001010010100100101001010100100100101001001001111111111111000000010100101001001010010101001001001010010010011111111111110000000101001010010010100101010010010010100100100111111111111100000001010010100100101001010100100100101001001001111111111111000000010100101001001010010101001001001010010010011111111111110000000000000000000000000000000000000000000
00000101001010010101010100100100100101001010011111111111110000000101001010010101010100100100100101001010011111111111110000000101001010010101010100100100100101001010011111111111110000000101001010010101010100100100100101001010011111111111110000000101001010010101010100100100100101001010011111111111110000000101001010010101010100100100100101001010011111111111110000000101001010010101010100100100100101001010011111111111110000000101001010010101010100100100100101001010011111111111110000000000000000000000000000000000000000
