0000010100100100101010100101001001010010010100111111111111100000001010010010010101010010100100101001001010011111111111110000000101001001001010101001010010010100100101001111111111111000000010100100100101010100101001001010010010100111111111111100000001010010010010101010010100100101001001010011111111111110000000101001001001010101001010010010100100101001111111111111000000010100100100101010100101001001010010010100111111111111100000001010010010010101010010100100101001001010011111111111110000000000000000000000000000000000000000
000001010010010010101001010010100101001010101111111111111000000010100100100101010010100101001010010101011111111111110000000101001001001010100101001010010100101010111111111111100000001010010010010101001010010100101001010101111111111111000000010100100100101010010100101001010010101011111111111110000000101001001001010100101001010010100101010111111111111100000001010010010010101001010010100101001010101111111111111000000010100100100101010010100101001010010101011111111111110000000000000000000000000000000000000000
000001010010010010101001001001001001010010100100111111111111100000001010010010010101001001001001001010010100100111111111111100000001010010010010101001001001001001010010100100111111111111100000001010010010010101001001001001001010010100100111111111111100000001010010010010101001001001001001010010100100111111111111100000001010010010010101001001001001001010010100100111111111111100000001010010010010101001001001001001010010100100111111111111100000001010010010010101001001001001001010010100100111111111111100000000000000000000000000000000000000000000
000001010010010010100101010101010010101001001111111111111000000010100100100101001010101010100101010010011111111111110000000101001001001010010101010101001010100100111111111111100000001010010010010100101010101010010101001001111111111111000000010100100100101001010101010100101010010011111111111110000000101001001001010010101010101001010100100111111111111100000001010010010010100101010101010010101001001111111111111000000010100100100101001010101010100101010010011111111111110000000000000000000000000000000000000000000000
0000010100100100101001010010100101001010101011111111111110000000101001001001010010100101001010010101010111111111111100000001010010010010100101001010010100101010101111111111111000000010100100100101001010010100101001010101011111111111110000000101001001001010010100101001010010101010111111111111100000001010010010010100101001010010100101010101111111111111000000010100100100101001010010100101001010101011111111111110000000101001001001010010100101001010010101010111111111111100000000000000000000000000000000000000000000
0000010100100100101001001010010101001010010100111111111111100000001010010010010100100101001010100101001010011111111111110000000101001001001010010010100101010010100101001111111111111000000010100100100101001001010010101001010010100111111111111100000001010010010010100100101001010100101001010011111111111110000000101001001001010010010100101010010100101001111111111111000000010100100100101001001010010101001010010100111111111111100000001010010010010100100101001010100101001010011111111111110000000000000000000000000000000000000000
00000101001001001010010010010010010100101001001011111111111110000000101001001001010010010010010010100101001001011111111111110000000101001001001010010010010010010100101001001011111111111110000000101001001001010010010010010010100101001001011111111111110000000101001001001010010010010010010100101001001011111111111110000000101001001001010010010010010010100101001001011111111111110000000101001001001010010010010010010100101001001011111111111110000000101001001001010010010010010010100101001001011111111111110000000000000000000000000000000000000000
0000010100100100100101010101001010010100101011111111111110000000101001001001001010101010010100101001010111111111111100000001010010010010010101010100101001010010101111111111111000000010100100100100101010101001010010100101011111111111110000000101001001001001010101010010100101001010111111111111100000001010010010010010101010100101001010010101111111111111000000010100100100100101010101001010010100101011111111111110000000101001001001001010101010010100101001010111111111111100000000000000000000000000000000000000000000
000001010010010010010101001010101001010010010011111111111110000000101001001001001010100101010100101001001001111111111111000000010100100100100101010010101010010100100100111111111111100000001010010010010010101001010101001010010010011111111111110000000101001001001001010100101010100101001001001111111111111000000010100100100100101010010101010010100100100111111111111100000001010010010010010101001010101001010010010011111111111110000000101001001001001010100101010100101001001001111111111111000000000000000000000000000000000000000000
00000101001001001001010010100101010010101010011111111111110000000101001001001001010010100101010010101010011111111111110000000101001001001001010010100101010010101010011111111111110000000101001001001001010010100101010010101010011111111111110000000101001001001001010010100101010010101010011111111111110000000101001001001001010010100101010010101010011111111111110000000101001001001001010010100101010010101010011111111111110000000101001001001001010010100101010010101010011111111111110000000000000000000000000000000000000000
00000101001001001010101010101001010010010010111111111111100000001010010010010101010101010010100100100101111111111111000000010100100100101010101010100101001001001011111111111110000000101001001001010101010101001010010010010111111111111100000001010010010010101010101010010100100100101111111111111000000010100100100101010101010100101001001001011111111111110000000101001001001010101010101001010010010010111111111111100000001010010010010101010101010010100100100101111111111111000000000000000000000000000000000000000000000
